CALLS   PUTS
Chart OI Chng in OI Volume IV LTP Net Chng Bid
Qty Bid
Price Ask
Price Ask
Qty Strike Price Bid
Qty Bid
Price Ask
Price Ask
Qty Net Chng LTP IV Volume Chng in OI OI Chart
- - - - - - 120 2,739.05 2,821.90 40 22800.00 1,080 9.65 9.85 2,120 -6.95 9.65 36.27 586 5,520 32,760
- - - - - - 480 2,570.40 2,925.65 400 22900.00 80 9.55 12.35 160 -9.45 12.00 36.32 11 240 760
2,160 -360 18 29.74 2,650.00 273.15 80 2,552.85 2,613.10 40 23000.00 80 10.25 11.25 40 -10.05 11.25 34.77 2,529 3,280 75,960
- - - - - - 400 2,371.40 2,707.40 400 23100.00 40 9.50 17.00 40 -22.00 13.00 34.38 25 360 640
- - - - - - 400 2,282.15 2,620.10 400 23200.00 40 11.25 15.85 120 -15.00 11.70 32.62 343 -3,560 7,720
- - - - - - 400 2,194.95 2,487.25 400 23300.00 40 16.00 18.50 40 -13.00 16.00 33.14 291 4,160 6,680
1,880 - - - 1,945.00 - 40 2,185.85 2,224.50 40 23400.00 40 17.10 18.50 80 -16.55 17.00 32.25 364 200 26,360
32,200 -1,640 50 - 2,088.05 199.05 40 2,086.40 2,107.25 40 23500.00 160 19.20 19.30 80 -19.35 19.25 31.72 6,230 -47,840 209,960
40 - - - 1,108.20 - 200 1,860.85 - - 23600.00 160 19.55 20.95 40 -23.25 20.80 30.90 284 4,040 9,240
40 - - - 1,033.00 - 280 1,736.65 - - 23700.00 40 20.30 24.00 800 -25.85 23.60 30.37 379 6,880 13,320
40 - - - 996.10 - 280 1,642.55 - - 23800.00 40 25.05 29.75 160 -28.95 26.80 29.83 487 7,200 12,920
40 - - - 917.10 - 200 1,649.65 - - 23900.00 40 28.05 39.90 40 -35.40 31.00 29.41 249 1,560 7,080
35,960 -960 347 - 1,615.00 180.15 40 1,615.00 1,624.05 40 24000.00 40 33.70 35.50 80 -38.90 35.90 28.99 13,482 15,200 596,920
80 - 1 23.43 1,565.80 331.40 40 1,491.90 1,542.00 40 24100.00 200 35.10 38.00 40 -47.40 37.05 27.79 348 2,440 13,080
1,920 120 65 - 1,420.00 225.50 40 1,387.45 1,435.00 200 24200.00 40 30.10 45.00 200 -59.80 35.20 26.04 915 3,160 18,080
1,640 40 2 24.65 1,384.85 333.20 40 1,308.75 1,364.50 200 24300.00 40 45.50 52.00 200 -60.45 47.05 26.51 1,010 1,080 14,280
3,840 -760 64 17.65 1,259.45 289.45 40 1,219.30 1,255.95 40 24400.00 40 55.00 58.45 40 -62.50 58.95 26.64 881 4,640 12,520
124,240 -2,560 409 14.01 1,153.65 160.95 40 1,150.00 1,157.90 40 24500.00 400 65.50 67.00 80 -70.85 67.00 26.06 18,088 43,360 791,320
9,320 -640 22 22.33 1,100.00 239.80 40 1,032.00 1,078.10 40 24600.00 40 70.05 80.00 40 -86.50 70.00 24.78 1,322 9,760 21,760
6,360 - 20 21.94 1,010.00 190.00 40 961.40 1,003.75 40 24700.00 40 89.00 94.95 40 -84.70 94.95 25.71 1,314 2,000 24,280
43,680 -960 69 16.49 880.00 124.60 40 875.00 900.00 40 24800.00 80 104.00 107.95 40 -99.30 105.70 24.93 2,782 5,080 106,680
5,240 40 48 18.60 810.00 144.05 40 784.05 810.00 80 24900.00 40 116.90 125.25 40 -106.55 125.20 24.78 1,230 9,760 26,720
405,280 -31,560 3,500 18.70 728.80 109.60 40 724.10 748.45 40 25000.00 1,040 142.90 148.35 80 -114.85 145.90 24.49 26,501 66,280 685,800
9,440 -720 159 17.83 640.00 82.30 40 631.40 672.65 40 25100.00 40 163.00 171.00 80 -126.15 164.20 23.81 1,260 4,480 17,280
55,360 -2,880 706 17.47 560.00 75.00 40 546.35 607.55 40 25200.00 40 185.70 192.75 80 -131.25 192.00 23.63 3,398 24,440 60,160
27,760 -2,480 890 18.97 510.00 78.05 160 510.00 536.95 40 25300.00 120 222.20 223.00 440 -145.90 223.00 23.42 1,874 11,040 32,880
23,200 -7,400 1,293 19.54 453.90 76.65 40 431.95 455.60 40 25400.00 80 252.00 265.00 160 -153.35 260.00 23.36 2,009 9,080 26,520
486,640 -32,760 14,833 19.07 387.00 58.70 40 382.00 389.80 80 25500.00 80 290.00 293.90 40 -173.45 295.10 22.92 14,827 69,040 332,440
41,520 23,520 4,200 19.33 336.55 55.75 160 321.70 336.60 40 25600.00 40 327.95 335.00 40 -226.35 334.00 22.46 2,414 28,520 31,640
39,000 12,600 4,982 18.88 280.00 38.35 120 278.00 285.00 200 25700.00 200 376.00 385.00 40 -194.30 376.15 21.95 1,233 12,120 15,600
43,120 12,480 4,124 18.81 234.70 30.75 40 234.70 235.00 40 25800.00 40 421.95 440.00 960 -200.00 440.00 22.51 224 1,720 7,280
15,200 7,160 1,882 18.65 193.05 23.75 40 190.50 193.00 40 25900.00 40 468.60 - - -233.30 492.00 22.05 22 160 1,080
480,920 82,040 34,025 18.86 162.00 22.40 80 160.05 162.00 800 26000.00 40 546.00 565.65 40 -210.35 550.20 21.70 1,831 -2,680 97,000
14,640 2,480 1,494 18.90 132.95 15.45 40 125.00 140.40 120 26100.00 40 603.05 663.70 200 -304.25 643.10 23.44 10 -40 1,040
31,200 4,400 3,286 18.61 104.00 10.05 40 101.00 106.00 80 26200.00 200 657.85 - - -319.55 690.00 21.71 6 -80 8,400
41,720 17,600 2,370 18.54 82.10 6.15 200 79.00 85.00 40 26300.00 200 745.65 780.00 80 -343.65 750.00 20.46 4 - 1,200
31,960 9,720 2,566 17.90 58.30 -1.15 200 58.35 70.55 280 26400.00 40 811.75 905.70 200 - 1,049.85 - - - 360
592,320 51,680 22,363 18.39 49.00 2.30 40 44.05 49.00 40 26500.00 80 921.00 940.00 80 -208.10 940.00 23.05 473 -9,440 386,120
36,800 26,480 2,049 18.02 34.90 -1.50 240 31.65 34.90 360 26600.00 280 961.00 1,057.25 200 -305.40 950.00 12.02 4 -80 600
28,080 18,720 1,170 17.90 25.55 -3.80 200 22.10 29.60 40 26700.00 400 1,069.25 1,149.25 200 -288.00 1,032.00 - 2 -80 6,200
19,800 9,600 1,920 17.72 18.05 -5.00 80 18.05 19.20 40 26800.00 120 1,162.30 1,242.45 200 - 1,400.25 - - - 520
10,400 7,280 596 17.74 13.20 -6.30 80 13.40 15.15 400 26900.00 400 1,262.30 1,338.25 200 -253.00 1,222.00 - 1 -40 480
300,720 5,480 9,365 18.62 12.40 -4.45 120 12.45 12.50 240 27000.00 40 1,382.80 1,406.50 40 -216.90 1,402.80 26.67 128 -2,880 133,320
4,680 2,080 188 18.99 10.10 -4.75 40 8.75 14.80 360 27100.00 680 1,382.50 1,594.85 480 -697.00 1,422.00 - 1 -40 -
9,800 2,920 367 19.24 7.95 -6.35 40 7.40 8.50 40 27200.00 200 1,324.20 1,663.55 200 -268.90 1,520.00 - 1 - 440
3,880 1,960 112 20.13 7.70 -2.30 40 7.60 8.00 1,600 27300.00 280 1,515.95 - - - 2,050.55 - - - 680
4,480 - 6 20.87 7.15 -5.20 40 6.00 7.80 200 27400.00 280 1,587.80 1,925.25 680 - 2,019.10 - - - 240
157,600 -4,240 904 20.13 4.10 -4.70 40 4.15 5.40 40 27500.00 40 1,875.60 1,893.15 40 -315.70 1,878.75 29.55 30 -640 116,400
960 - - - 8.00 - 40 4.00 6.90 800 27600.00 400 1,929.25 2,083.95 680 - 2,100.00 - - - 120
720 80 5 23.01 5.80 -2.20 80 2.50 6.85 720 27700.00 280 1,888.75 2,212.65 200 - 3,118.50 - - - 200
2,080 - 3 24.54 6.90 -1.10 40 4.00 6.00 1,600 27800.00 280 1,990.15 2,285.40 80 - 2,524.55 - - - 1,200
240 - 3 25.38 6.75 -0.25 40 4.00 5.95 40 27900.00 280 2,147.40 2,447.10 280 - 660.00 - - - 160
114,400 -9,680 643 24.55 4.10 -1.55 40 4.10 4.20 40 28000.00 40 2,370.55 2,398.00 40 -230.00 2,360.00 30.99 361 -13,040 44,400
520 - 1 27.89 8.00 -2.00 120 2.00 7.90 80 28100.00 200 2,271.75 2,569.50 600 - - - - - -
320 - - - 10.00 - 2,000 1.20 8.00 40 28200.00 200 2,371.70 2,705.70 200 - 3,226.05 - - - 80
1,240 - - - 9.20 - 120 2.00 8.00 40 28300.00 200 2,436.25 2,752.05 200 - 3,000.00 - - - 1,120
200 - - - 10.00 - 2,000 1.15 8.00 40 28400.00 200 2,558.50 2,866.85 200 - 3,100.00 - - - 40
57,760 -2,240 193 31.51 8.00 4.35 40 1.85 9.80 280 28500.00 40 2,864.45 2,904.15 80 -295.80 2,792.80 - 5 -200 55,920
560 - - - 10.00 0.05 80 2.00 4.00 40 28600.00 200 2,819.20 3,160.85 200 - - - - - -
240 - - - 10.00 - 40 2.00 4.00 40 28700.00 200 2,906.70 - - - - - - - -
280 - - - 6.00 - 40 2.00 4.00 40 28800.00 200 3,004.70 3,293.30 400 - - - - - -
200 - - - 10.00 - 2,000 0.25 4.00 40 28900.00 200 3,091.30 3,412.40 200 - - - - - -
25,360 -1,280 164 29.99 1.85 -0.10 1,920 1.85 2.50 2,800 29000.00 40 3,362.40 3,389.80 80 -199.05 3,371.40 45.07 31 - 12,720
160 - - - 10.00 - 2,000 0.15 - - 29100.00 1,000 1,846.20 - - - - - - - -
160 - - - 10.00 - 2,000 0.15 - - 29200.00 1,000 1,945.50 - - - - - - - -
160 - - - 10.00 - 2,000 0.15 - - 29300.00 1,000 2,044.95 - - - - - - - -
160 - - - 10.00 - 2,000 0.15 - - 29400.00 1,000 2,144.75 - - - - - - - -
11,920 -240 37 33.37 1.70 0.10 80 1.70 2.40 40 29500.00 80 3,853.95 3,885.25 40 -255.45 3,817.15 - 13 -320 8,240
- - - - - - 2,000 0.15 - - 29600.00 1,000 2,344.50 - - - - - - - -
- - - - - - 2,000 0.15 - - 29700.00 1,000 2,444.55 - - - - - - - -
40 - - - 1.00 - 2,000 0.15 - - 29800.00 1,000 2,544.50 - - - - - - - -
- - - - - - 2,000 0.15 - - 29900.00 1,000 2,644.50 - - - - - - - -
Total 3,401,880 121,514 109,813 4,116,920 Total
